 # ID  age3 mas3 Ebv3  Proba3         count    OB
    1   9.00 4.40 0.06  0.6167E+02   2731429    3
    2   8.75 3.70 0.07  0.3604E-04   2825531    3
    3   8.55 3.20 0.07  0.1765E-04   2751370    3
    4   9.00 4.45 0.07  0.9856E+00   2726370    3
    5   8.70 3.60 0.07  0.3286E-01   2898731    3
    6   8.45 3.70 0.08  0.1752E+01   2603922    3
    7   8.30 3.25 0.13  0.4942E-02   2665936    3
    9   8.80 4.35 0.09  0.4607E-02   2461560    3
   11   8.25 3.55 0.40  0.2136E-01   2120246    3
   12   8.85 4.10 0.26  0.9916E-07   2461614    3
